11 6
22 7
2 13
15 3
10 0
0 3
7 22
3 9
21 11
18 10
7 18
2 7
20 22
15 22
22 5
22 0
11 9
11 20
0 0
20 23
0 9
5 20
23 4
15 0
5 10
20 2
18 6
12 13
11 10
19 19
1 23
1 20
20 9
0 21
13 5
5 17
4 15
11 16
17 16
16 20
8 15
9 8
15 2
10 18
14 6
3 7
11 19
22 13
9 7
2 20
10 12
14 18
18 23
10 6
16 12
0 15
13 0
23 17
22 6
16 16
6 5
3 22
4 5
18 20
20 0
7 2
20 18
8 3
4 9
6 9
9 23
1 11
21 9
23 14
6 11
18 1
16 1
23 22
19 10
0 5
23 21
15 12
18 3
21 17
13 3
18 9
4 2
16 11
11 1
17 0
4 20
21 19
19 20
18 18
2 0
14 19
0 18
5 14
23 19
9 21
14 11
10 4
10 10
13 19
10 22
5 11
4 19
14 17
17 1
16 13
14 15
8 19
9 16
5 8
20 5
16 3
22 2
16 21
14 2
14 10
15 7
7 7
2 21
12 4
3 2
1 21
0 13
7 6
18 14
15 16
15 6
3 8
14 16
17 18
23 18
21 10
19 2
5 19
12 22
10 9
5 6
0 10
22 21
20 11
12 21
23 13
0 23
5 4
17 5
21 20
10 19
17 19
19 8
5 13
4 13
19 17
5 3
6 18
11 14
6 6
12 10
14 0
10 1
21 6
21 4
6 14
18 16
14 9
3 19
7 15
20 12
15 21
1 17
12 19
10 8
9 13
9 0
7 5
12 2
13 6
1 12
0 11
16 8
22 3
20 7
3 13
21 7
3 4
13 18
17 17
23 20
19 6
7 8
21 18
15 14
15 23
22 18
12 18
8 7
3 18
13 21
12 1
4 21
22 10
17 11
19 12
1 4
4 3
1 9
15 10
21 3
20 4
2 17
4 1
23 7
14 4
17 8
5 2
16 9
15 8
12 15
7 10
15 18
8 17
6 17
6 13
19 0
17 9
21 12
13 22
5 7
21 21
2 1
14 12
10 23
9 17
18 4
19 18
10 11
16 17
16 2
3 11
13 20
17 13
5 22
17 10
22 23
13 4
11 23
16 15
15 20
19 22
9 6
5 18
14 8
1 13
22 19
19 5
11 18
10 21
20 6
14 21
22 9
2 3
17 22
20 20
11 2
16 10
12 9
17 14
14 5
9 18
7 19
8 23
21 2
15 15
21 15
21 13
7 1
6 23
7 13
7 9
4 7
17 3
1 10
9 20
18 12
14 13
11 8
1 15
18 2
9 11
17 15
20 19
22 8
11 15
22 4
20 1
13 13
13 10
5 9
10 3
14 22
7 3
21 8
15 13
18 8
2 11
22 12
3 16
1 7
7 21
19 4
9 22
20 15
23 5
7 4
9 12
14 3
15 19
23 15
14 23
4 16
10 20
23 6
13 16
19 16
0 17
5 1
8 13
2 9
14 14
6 19
13 23
9 1
13 7
23 0
13 17
7 17
4 17
22 17
0 7
4 0
15 1
20 17
21 14
1 1
10 16
9 9
18 11
9 4
8 11
7 12
23 10
16 18
3 15
21 1
14 7
16 19
18 21
23 9
11 7
18 5
23 8
7 0
15 4
13 8
6 3
20 14
10 15
23 16
5 23
8 21
5 16
19 15
4 11
12 14
11 17
13 14
19 13
23 3
10 14
11 21
23 12
13 12
1 22
18 13
18 17
11 12
1 6
20 8
6 7
9 14
3 1
12 8
8 9
13 1
3 23
19 21
6 4
16 23
16 0
11 0
3 12
11 5
22 22
12 11
2 19
5 15
11 4
16 22
12 5
22 16
23 23
9 19
9 10
3 20
12 12
23 2
23 1
6 1
7 11
5 5
21 0
22 14
16 5
4 23
1 2
20 16
17 21
1 19
11 3
3 3
3 21
9 5
11 22
17 7
17 2
0 8
10 5
18 7
12 0
21 22
15 5
11 11
3 10
17 4
7 16
19 3
8 1
1 5
22 11
21 23
19 7
0 14
17 12
13 15
20 3
22 1
22 15
20 13
19 23
2 23
21 5
3 0
10 13
18 15
7 20
12 3
15 17
6 21
16 4
13 9
0 1
23 11
18 0
0 12
1 0
5 0
7 23
1 16
9 2
2 15
1 8
13 11
16 14
5 12
8 5
21 16
7 14
3 6
3 17
18 19
16 7
12 6
12 7
6 15
12 20
19 11
14 1
13 2
19 9
19 14
12 23
9 15
15 9
5 21
1 18
3 14
10 7
3 5
15 11
19 1
12 17
17 20
17 23
2 5
11 13
17 6
20 21
9 3
1 14
10 17
1 3
0 19
