16 17
9 17
9 10
19 10
6 2
4 9
7 8
22 0
3 15
11 2
9 20
1 20
3 23
0 2
6 18
17 18
12 1
18 16
4 16
5 4
21 6
12 7
22 8
12 6
8 0
0 1
14 23
19 20
13 21
10 4
9 15
22 16
18 9
22 21
1 16
10 3
12 10
12 18
8 12
2 1
1 15
21 16
23 9
1 3
15 8
14 21
6 1
2 17
15 10
5 17
9 19
19 2
22 11
16 19
1 17
12 11
10 9
14 16
6 5
17 3
7 19
17 11
6 9
15 6
2 5
23 10
7 17
0 13
14 10
6 23
21 9
7 14
5 19
10 14
18 18
14 19
11 21
2 4
20 20
20 9
18 14
5 14
19 8
9 13
20 8
21 17
4 23
13 18
0 16
16 6
11 6
21 19
14 20
13 12
5 10
3 20
10 8
20 6
3 4
22 19
5 6
4 7
2 3
11 3
23 11
21 10
8 20
7 11
8 18
19 6
8 21
0 3
20 19
20 4
11 10
14 5
19 1
12 0
11 8
14 7
21 23
4 3
6 20
17 20
3 18
8 7
14 22
16 3
10 13
10 5
23 6
6 11
8 15
18 5
12 2
8 1
15 0
0 19
11 19
3 17
6 16
12 20
23 2
11 9
11 20
18 2
0 10
3 2
20 3
1 0
16 18
12 19
14 15
14 8
4 11
23 13
7 6
14 2
23 8
14 13
2 0
0 22
16 22
0 8
15 16
4 10
13 6
0 20
18 21
1 10
22 4
22 6
2 8
15 15
16 23
8 22
5 21
18 6
17 19
14 1
21 0
7 12
9 11
12 13
3 16
11 23
8 10
22 7
6 3
22 5
9 3
21 21
9 2
22 18
8 5
12 21
5 15
11 14
8 16
18 8
2 20
12 15
19 19
5 9
15 9
0 6
9 21
3 19
21 15
10 23
9 9
3 9
9 12
16 5
12 22
23 19
1 23
13 16
18 15
2 18
9 8
6 15
22 3
7 2
6 14
14 12
12 23
11 0
4 17
23 4
17 22
13 19
9 14
21 4
12 17
20 16
13 8
6 0
4 4
10 18
16 8
5 20
9 4
5 0
0 9
10 22
8 14
9 16
13 9
12 8
10 21
18 3
3 8
22 17
20 13
7 16
18 22
13 10
9 18
18 17
8 13
8 2
16 12
23 17
5 23
22 20
23 3
21 5
11 11
8 11
7 20
1 9
2 9
10 1
20 1
9 23
12 5
0 4
20 10
19 11
4 15
6 19
2 7
2 12
5 18
5 1
17 0
21 11
1 6
19 4
4 5
18 23
20 17
0 11
11 13
8 8
18 20
7 0
21 18
18 0
19 17
8 3
11 15
4 12
4 14
15 14
5 22
15 2
23 14
0 5
17 12
23 21
15 18
22 10
16 4
17 16
4 6
1 2
0 23
9 1
13 5
2 22
2 13
21 20
1 11
7 4
20 15
2 14
4 20
8 6
18 7
22 1
4 19
10 2
0 17
1 22
22 22
2 19
13 17
19 18
17 2
18 11
5 8
16 15
13 13
20 2
2 6
13 2
3 22
3 5
23 18
6 12
10 7
12 16
15 11
15 12
20 5
3 12
18 10
13 4
18 13
8 19
13 20
5 3
7 10
17 15
4 21
11 4
20 0
15 17
21 8
6 17
4 2
19 16
16 10
0 18
19 14
21 14
6 8
10 15
0 15
23 23
21 12
1 8
23 16
0 0
8 17
3 6
22 23
17 23
18 19
12 9
10 19
10 6
20 11
11 18
15 22
15 3
16 9
12 12
19 23
10 16
17 4
21 13
13 15
16 1
17 6
14 14
7 15
0 14
19 0
4 0
2 2
10 10
6 7
7 13
16 21
20 12
19 9
1 4
6 6
21 3
0 21
1 18
19 22
7 22
11 16
4 22
19 5
14 18
17 14
12 4
22 14
10 11
20 21
6 4
4 1
7 23
1 12
10 20
16 14
18 1
14 6
10 17
2 21
13 0
9 22
15 21
4 13
20 22
17 9
3 0
17 13
10 0
12 14
0 12
17 8
8 23
22 15
2 23
7 21
16 20
11 17
14 0
21 22
2 16
11 7
16 7
5 12
6 22
19 12
8 4
11 12
16 2
6 21
5 16
3 14
4 8
18 12
13 11
3 13
14 3
0 7
11 22
15 20
13 22
7 18
14 17
6 10
22 13
8 9
10 12
16 13
13 14
22 9
1 21
16 11
12 3
23 0
2 10
20 23
1 13
5 13
18 4
3 10
22 2
16 0
3 11
5 2
22 12
2 11
15 13
23 12
14 4
9 0
21 2
15 4
17 21
20 14
14 11
20 18
4 18
23 20
19 21
1 5
6 13
23 22
2 15
16 16
19 15
14 9
15 19
9 6
17 10
1 14
20 7
23 5
15 23
